{
  "P": [
    [
      [
        [
          1.0,
          0.0,
          0.0,
          0.0
        ],
        [
          0.0,
          1.0,
          4.371138828673793e-08,
          0.0
        ],
        [
          0.0,
          -4.371138828673793e-08,
          1.0,
          0.0
        ]
      ],
      [
        [
          0.9999372363090515,
          -0.01120377890765667,
          1.0008522899340733e-08,
          0.0
        ],
        [
          0.01120377890765667,
          0.9999372363090515,
          1.1213785455765901e-10,
          1.0
        ],
        [
          -1.000915172966188e-08,
          0.0,
          1.0,
          -4.371138828673793e-08
        ]
      ]
    ],
    [
      [
        [
          1.0,
          0.0,
          0.0,
          0.0
        ],
        [
          0.0,
          1.0,
          4.371138828673793e-08,
          0.0
        ],
        [
          0.0,
          -4.371138828673793e-08,
          1.0,
          0.0
        ]
      ],
      [
        [
          0.9999372363090515,
          -0.01120377890765667,
          1.0008522899340733e-08,
          0.0
        ],
        [
          0.01120377890765667,
          0.9999372363090515,
          1.1213785455765901e-10,
          1.0
        ],
        [
          -1.000915172966188e-08,
          0.0,
          1.0,
          -4.371138828673793e-08
        ]
      ]
    ],
    [
      [
        [
          1.0,
          0.0,
          0.0,
          0.0
        ],
        [
          0.0,
          1.0,
          4.371138828673793e-08,
          0.0
        ],
        [
          0.0,
          -4.371138828673793e-08,
          1.0,
          0.0
        ]
      ],
      [
        [
          0.9998698234558105,
          -0.016137124970555305,
          1.0008522899340733e-08,
          0.0
        ],
        [
          0.016137124970555305,
          0.9998698234558105,
          1.1213785455765901e-10,
          1.0
        ],
        [
          -1.0009030049218381e-08,
          4.938272013532696e-11,
          1.0,
          -4.371138828673793e-08
        ]
      ]
    ],
    [
      [
        [
          1.0,
          0.0,
          0.0,
          0.0
        ],
        [
          0.0,
          1.0,
          4.371138828673793e-08,
          0.0
        ],
        [
          0.0,
          -4.371138828673793e-08,
          1.0,
          0.0
        ]
      ],
      [
        [
          0.9995338916778564,
          -0.030526991933584213,
          1.0008522899340733e-08,
          0.0
        ],
        [
          0.030526991933584213,
          0.9995338916778564,
          1.1213785455765901e-10,
          1.0
        ],
        [
          -1.0007282114088412e-08,
          1.9344525981068728e-10,
          1.0,
          -4.371138828673793e-08
        ]
      ]
    ],
    [
      [
        [
          1.0,
          0.0,
          0.0,
          0.0
        ],
        [
          0.0,
          1.0,
          4.371138828673793e-08,
          0.0
        ],
        [
          0.0,
          -4.371138828673793e-08,
          1.0,
          0.0
        ]
      ],
      [
        [
          0.9985508322715759,
          -0.05381648242473602,
          1.0008522899340733e-08,
          0.0
        ],
        [
          0.05381648242473602,
          0.9985508322715759,
          1.1213785455765901e-10,
          1.0
        ],
        [
          -1.0000054118108892e-08,
          4.2664538568715216e-10,
          1.0,
          -4.371138828673793e-08
        ]
      ]
    ],
    [
      [
        [
          1.0,
          0.0,
          0.0,
          0.0
        ],
        [
          0.0,
          1.0,
          4.371138828673793e-08,
          0.0
        ],
        [
          0.0,
          -4.371138828673793e-08,
          1.0,
          0.0
        ]
      ],
      [
        [
          0.9963391423225403,
          -0.08548887819051743,
          1.0008522899340733e-08,
          0.0
        ],
        [
          0.08548887819051743,
          0.9963391423225403,
          1.1213785455765901e-10,
          1.0
        ],
        [
          -9.981470761033506e-09,
          7.438885063493217e-10,
          1.0,
          -4.371138828673793e-08
        ]
      ]
    ],
    [
      [
        [
          1.0,
          0.0,
          0.0,
          0.0
        ],
        [
          0.0,
          1.0,
          4.371138828673793e-08,
          0.0
        ],
        [
          0.0,
          -4.371138828673793e-08,
          1.0,
          0.0
        ]
      ],
      [
        [
          0.9921547174453735,
          -0.12501603364944458,
          1.0008522899340733e-08,
          0.0
        ],
        [
          0.12501603364944458,
          0.9921547174453735,
          1.1213785455765901e-10,
          1.0
        ],
        [
          -9.94402249432369e-09,
          1.1399663435440743e-09,
          1.0,
          -4.371138828673793e-08
        ]
      ]
    ],
    [
      [
        [
          1.0,
          0.0,
          0.0,
          0.0
        ],
        [
          0.0,
          1.0,
          4.371138828673793e-08,
          0.0
        ],
        [
          0.0,
          -4.371138828673793e-08,
          1.0,
          0.0
        ]
      ],
      [
        [
          0.9851312041282654,
          -0.171803817152977,
          1.0008522899340733e-08,
          0.0
        ],
        [
          0.171803817152977,
          0.9851312041282654,
          1.1213785455765901e-10,
          1.0
        ],
        [
          -9.878974083221692e-09,
          1.6090311305561045e-09,
          1.0,
          -4.371138828673793e-08
        ]
      ]
    ],
    [
      [
        [
          1.0,
          0.0,
          0.0,
          0.0
        ],
        [
          0.0,
          1.0,
          4.371138828673793e-08,
          0.0
        ],
        [
          0.0,
          -4.371138828673793e-08,
          1.0,
          0.0
        ]
      ],
      [
        [
          0.9743264317512512,
          -0.22513970732688904,
          1.0008522899340733e-08,
          0.0
        ],
        [
          0.22513970732688904,
          0.9743264317512512,
          1.1213785455765901e-10,
          1.0
        ],
        [
          -9.776815801387784e-09,
          2.1440591524424235e-09,
          1.0,
          -4.371138828673793e-08
        ]
      ]
    ],
    [
      [
        [
          1.0,
          0.0,
          0.0,
          0.0
        ],
        [
          0.0,
          1.0,
          4.371138828673793e-08,
          0.0
        ],
        [
          0.0,
          -4.371138828673793e-08,
          1.0,
          0.0
        ]
      ],
      [
        [
          0.958780825138092,
          -0.2841467559337616,
          1.0008522899340733e-08,
          0.0
        ],
        [
          0.2841467559337616,
          0.958780825138092,
          1.1213785455765901e-10,
          1.0
        ],
        [
          -9.62784429958674e-09,
          2.736371129685722e-09,
          1.0,
          -4.371138828673793e-08
        ]
      ]
    ],
    [
      [
        [
          1.0,
          0.0,
          0.0,
          0.0
        ],
        [
          0.0,
          1.0,
          4.371138828673793e-08,
          0.0
        ],
        [
          0.0,
          -4.371138828673793e-08,
          1.0,
          0.0
        ]
      ],
      [
        [
          0.9375868439674377,
          -0.3477512001991272,
          1.0008522899340733e-08,
          0.0
        ],
        [
          0.3477512001991272,
          0.9375868439674377,
          1.1213785455765901e-10,
          1.0
        ],
        [
          -9.42285627303363e-09,
          3.3753373429590283e-09,
          1.0,
          -4.371138828673793e-08
        ]
      ]
    ],
    [
      [
        [
          1.0,
          0.0,
          0.0,
          0.0
        ],
        [
          0.0,
          1.0,
          4.371138828673793e-08,
          0.0
        ],
        [
          0.0,
          -4.371138828673793e-08,
          1.0,
          0.0
        ]
      ],
      [
        [
          0.9099712371826172,
          -0.41467130184173584,
          1.0008522899340733e-08,
          0.0
        ],
        [
          0.41467130184173584,
          0.9099712371826172,
          1.1213785455765901e-10,
          1.0
        ],
        [
          -9.153969138253615e-09,
          4.04819999744177e-09,
          1.0,
          -4.371138828673793e-08
        ]
      ]
    ],
    [
      [
        [
          1.0,
          0.0,
          0.0,
          0.0
        ],
        [
          0.0,
          1.0,
          4.371138828673793e-08,
          0.0
        ],
        [
          0.0,
          -4.371138828673793e-08,
          1.0,
          0.0
        ]
      ],
      [
        [
          0.8753809332847595,
          -0.4834338128566742,
          1.0008522899340733e-08,
          0.0
        ],
        [
          0.4834338128566742,
          0.8753809332847595,
          1.1213785455765901e-10,
          1.0
        ],
        [
          -8.815482566149058e-09,
          4.7402934910678596e-09,
          1.0,
          -4.371138828673793e-08
        ]
      ]
    ],
    [
      [
        [
          1.0,
          0.0,
          0.0,
          0.0
        ],
        [
          0.0,
          1.0,
          4.371138828673793e-08,
          0.0
        ],
        [
          0.0,
          -4.371138828673793e-08,
          1.0,
          0.0
        ]
      ],
      [
        [
          0.8335646390914917,
          -0.5524218678474426,
          1.0008522899340733e-08,
          0.0
        ],
        [
          0.5524218678474426,
          0.8335646390914917,
          1.1213785455765901e-10,
          1.0
        ],
        [
          -8.40469915885933e-09,
          5.435452976598754e-09,
          1.0,
          -4.371138828673793e-08
        ]
      ]
    ],
    [
      [
        [
          1.0,
          0.0,
          0.0,
          0.0
        ],
        [
          0.0,
          1.0,
          4.371138828673793e-08,
          0.0
        ],
        [
          0.0,
          -4.371138828673793e-08,
          1.0,
          0.0
        ]
      ],
      [
        [
          0.7846366763114929,
          -0.6199558973312378,
          1.0008522899340733e-08,
          0.0
        ],
        [
          0.6199558973312378,
          0.7846366763114929,
          1.1213785455765901e-10,
          1.0
        ],
        [
          -7.92257459636403e-09,
          6.116852802051653e-09,
          1.0,
          -4.371138828673793e-08
        ]
      ]
    ],
    [
      [
        [
          1.0,
          0.0,
          0.0,
          0.0
        ],
        [
          0.0,
          1.0,
          4.371138828673793e-08,
          0.0
        ],
        [
          0.0,
          -4.371138828673793e-08,
          1.0,
          0.0
        ]
      ],
      [
        [
          0.7291097044944763,
          -0.6843968629837036,
          1.0008522899340733e-08,
          0.0
        ],
        [
          0.6843968629837036,
          0.7291097044944763,
          1.1213785455765901e-10,
          1.0
        ],
        [
          -7.374058696996144e-09,
          6.7680403503800335e-09,
          1.0,
          -4.371138828673793e-08
        ]
      ]
    ],
    [
      [
        [
          1.0,
          0.0,
          0.0,
          0.0
        ],
        [
          0.0,
          1.0,
          4.371138828673793e-08,
          0.0
        ],
        [
          0.0,
          -4.371138828673793e-08,
          1.0,
          0.0
        ]
      ],
      [
        [
          0.6678882241249084,
          -0.7442615628242493,
          1.0008522899340733e-08,
          0.0
        ],
        [
          0.7442615628242493,
          0.6678882241249084,
          1.1213785455765901e-10,
          1.0
        ],
        [
          -6.768035021309515e-09,
          7.374062249709823e-09,
          1.0,
          -4.371138828673793e-08
        ]
      ]
    ],
    [
      [
        [
          1.0,
          0.0,
          0.0,
          0.0
        ],
        [
          0.0,
          1.0,
          4.371138828673793e-08,
          0.0
        ],
        [
          0.0,
          -4.371138828673793e-08,
          1.0,
          0.0
        ]
      ],
      [
        [
          0.6022193431854248,
          -0.7983307242393494,
          1.0008522899340733e-08,
          0.0
        ],
        [
          0.7983307242393494,
          0.6022193431854248,
          1.1213785455765901e-10,
          1.0
        ],
        [
          -6.116851025694814e-09,
          7.922579925434547e-09,
          1.0,
          -4.371138828673793e-08
        ]
      ]
    ],
    [
      [
        [
          1.0,
          0.0,
          0.0,
          0.0
        ],
        [
          0.0,
          1.0,
          4.371138828673793e-08,
          0.0
        ],
        [
          0.0,
          -4.371138828673793e-08,
          1.0,
          0.0
        ]
      ],
      [
        [
          0.5336060523986816,
          -0.8457332253456116,
          1.0008522899340733e-08,
          0.0
        ],
        [
          0.8457332253456116,
          0.5336060523986816,
          1.1213785455765901e-10,
          1.0
        ],
        [
          -5.435449423885075e-09,
          8.404702711573009e-09,
          1.0,
          -4.371138828673793e-08
        ]
      ]
    ],
    [
      [
        [
          1.0,
          0.0,
          0.0,
          0.0
        ],
        [
          0.0,
          1.0,
          4.371138828673793e-08,
          0.0
        ],
        [
          0.0,
          -4.371138828673793e-08,
          1.0,
          0.0
        ]
      ],
      [
        [
          0.4636983275413513,
          -0.885993242263794,
          1.0008522899340733e-08,
          0.0
        ],
        [
          0.885993242263794,
          0.4636983275413513,
          1.1213785455765901e-10,
          1.0
        ],
        [
          -4.740289938354181e-09,
          8.815485230684317e-09,
          1.0,
          -4.371138828673793e-08
        ]
      ]
    ],
    [
      [
        [
          1.0,
          0.0,
          0.0,
          0.0
        ],
        [
          0.0,
          1.0,
          4.371138828673793e-08,
          0.0
        ],
        [
          0.0,
          -4.371138828673793e-08,
          1.0,
          0.0
        ]
      ],
      [
        [
          0.39417827129364014,
          -0.919033944606781,
          1.0008522899340733e-08,
          0.0
        ],
        [
          0.919033944606781,
          0.39417827129364014,
          1.1213785455765901e-10,
          1.0
        ],
        [
          -4.04819999744177e-09,
          9.153970026432035e-09,
          1.0,
          -4.371138828673793e-08
        ]
      ]
    ],
    [
      [
        [
          1.0,
          0.0,
          0.0,
          0.0
        ],
        [
          0.0,
          1.0,
          4.371138828673793e-08,
          0.0
        ],
        [
          0.0,
          -4.371138828673793e-08,
          1.0,
          0.0
        ]
      ],
      [
        [
          0.32665616273880005,
          -0.9451432824134827,
          1.0008522899340733e-08,
          0.0
        ],
        [
          0.9451432824134827,
          0.32665616273880005,
          1.1213785455765901e-10,
          1.0
        ],
        [
          -3.3753337902453495e-09,
          9.42285893756889e-09,
          1.0,
          -4.371138828673793e-08
        ]
      ]
    ],
    [
      [
        [
          1.0,
          0.0,
          0.0,
          0.0
        ],
        [
          0.0,
          1.0,
          4.371138828673793e-08,
          0.0
        ],
        [
          0.0,
          -4.371138828673793e-08,
          1.0,
          0.0
        ]
      ],
      [
        [
          0.26259273290634155,
          -0.9649067521095276,
          1.0008522899340733e-08,
          0.0
        ],
        [
          0.9649067521095276,
          0.26259273290634155,
          1.1213785455765901e-10,
          1.0
        ],
        [
          -2.736371129685722e-09,
          9.62784607594358e-09,
          1.0,
          -4.371138828673793e-08
        ]
      ]
    ],
    [
      [
        [
          1.0,
          0.0,
          0.0,
          0.0
        ],
        [
          0.0,
          1.0,
          4.371138828673793e-08,
          0.0
        ],
        [
          0.0,
          -4.371138828673793e-08,
          1.0,
          0.0
        ]
      ],
      [
        [
          0.2032521516084671,
          -0.9791264533996582,
          1.0008522899340733e-08,
          0.0
        ],
        [
          0.9791264533996582,
          0.2032521516084671,
          1.1213785455765901e-10,
          1.0
        ],
        [
          -2.144052047015066e-09,
          9.776816689566203e-09,
          1.0,
          -4.371138828673793e-08
        ]
      ]
    ],
    [
      [
        [
          1.0,
          0.0,
          0.0,
          0.0
        ],
        [
          0.0,
          1.0,
          4.371138828673793e-08,
          0.0
        ],
        [
          0.0,
          -4.371138828673793e-08,
          1.0,
          0.0
        ]
      ],
      [
        [
          0.1496874988079071,
          -0.9887335300445557,
          1.0008522899340733e-08,
          0.0
        ],
        [
          0.9887335300445557,
          0.1496874988079071,
          1.1213785455765901e-10,
          1.0
        ],
        [
          -1.6090275778424257e-09,
          9.878975859578532e-09,
          1.0,
          -4.371138828673793e-08
        ]
      ]
    ],
    [
      [
        [
          1.0,
          0.0,
          0.0,
          0.0
        ],
        [
          0.0,
          1.0,
          4.371138828673793e-08,
          0.0
        ],
        [
          0.0,
          -4.371138828673793e-08,
          1.0,
          0.0
        ]
      ],
      [
        [
          0.1027541533112526,
          -0.9947067499160767,
          1.0008522899340733e-08,
          0.0
        ],
        [
          0.9947067499160767,
          0.1027541533112526,
          1.1213785455765901e-10,
          1.0
        ],
        [
          -1.1399663435440743e-09,
          9.94402249432369e-09,
          1.0,
          -4.371138828673793e-08
        ]
      ]
    ],
    [
      [
        [
          1.0,
          0.0,
          0.0,
          0.0
        ],
        [
          0.0,
          1.0,
          4.371138828673793e-08,
          0.0
        ],
        [
          0.0,
          -4.371138828673793e-08,
          1.0,
          0.0
        ]
      ],
      [
        [
          0.0631432756781578,
          -0.9980043768882751,
          1.0008522899340733e-08,
          0.0
        ],
        [
          0.9980043768882751,
          0.0631432756781578,
          1.1213785455765901e-10,
          1.0
        ],
        [
          -7.438885063493217e-10,
          9.981468984676667e-09,
          1.0,
          -4.371138828673793e-08
        ]
      ]
    ],
    [
      [
        [
          1.0,
          0.0,
          0.0,
          0.0
        ],
        [
          0.0,
          1.0,
          4.371138828673793e-08,
          0.0
        ],
        [
          0.0,
          -4.371138828673793e-08,
          1.0,
          0.0
        ]
      ],
      [
        [
          0.03142917528748512,
          -0.9995059370994568,
          1.0008522899340733e-08,
          0.0
        ],
        [
          0.9995059370994568,
          0.03142917528748512,
          1.1213785455765901e-10,
          1.0
        ],
        [
          -4.2664183297347336e-10,
          1.0000054118108892e-08,
          1.0,
          -4.371138828673793e-08
        ]
      ]
    ],
    [
      [
        [
          1.0,
          0.0,
          0.0,
          0.0
        ],
        [
          0.0,
          1.0,
          4.371138828673793e-08,
          0.0
        ],
        [
          0.0,
          -4.371138828673793e-08,
          1.0,
          0.0
        ]
      ],
      [
        [
          0.008123436011373997,
          -0.9999671578407288,
          1.0008522899340733e-08,
          0.0
        ],
        [
          0.9999671578407288,
          0.008123436011373997,
          1.1213785455765901e-10,
          1.0
        ],
        [
          -1.9343815438332967e-10,
          1.0007283890445251e-08,
          1.0,
          -4.371138828673793e-08
        ]
      ]
    ],
    [
      [
        [
          1.0,
          0.0,
          0.0,
          0.0
        ],
        [
          0.0,
          1.0,
          4.371138828673793e-08,
          0.0
        ],
        [
          0.0,
          -4.371138828673793e-08,
          1.0,
          0.0
        ]
      ],
      [
        [
          -0.006270239595323801,
          -0.9999803900718689,
          1.0008522899340733e-08,
          0.0
        ],
        [
          0.9999803900718689,
          -0.006270239595323801,
          1.1213785455765901e-10,
          1.0
        ],
        [
          -4.938272013532696e-11,
          1.0009030937396801e-08,
          1.0,
          -4.371138828673793e-08
        ]
      ]
    ],
    [
      [
        [
          1.0,
          0.0,
          0.0,
          0.0
        ],
        [
          0.0,
          1.0,
          4.371138828673793e-08,
          0.0
        ],
        [
          0.0,
          -4.371138828673793e-08,
          1.0,
          0.0
        ]
      ],
      [
        [
          -0.011203913949429989,
          -0.9999373555183411,
          -1.1214481426824463e-10,
          0.0
        ],
        [
          0.9999373555183411,
          -0.011203913949429989,
          1.0008527340232831e-08,
          1.0
        ],
        [
          -1.0009156170553979e-08,
          -2.609024107869118e-15,
          1.0,
          -4.371138828673793e-08
        ]
      ]
    ],
    [
      [
        [
          1.0,
          0.0,
          0.0,
          0.0
        ],
        [
          0.0,
          1.0,
          4.371138828673793e-08,
          0.0
        ],
        [
          0.0,
          -4.371138828673793e-08,
          1.0,
          0.0
        ]
      ],
      [
        [
          -0.006590461358428001,
          -0.9999784231185913,
          -9.891052560329072e-11,
          0.0
        ],
        [
          0.9999784231185913,
          -0.006590461358428001,
          1.0041297571206087e-08,
          1.0
        ],
        [
          -1.004173455498858e-08,
          -3.2730901322608474e-11,
          1.0,
          -4.371138828673793e-08
        ]
      ]
    ],
    [
      [
        [
          1.0,
          0.0,
          0.0,
          0.0
        ],
        [
          0.0,
          1.0,
          4.371138828673793e-08,
          0.0
        ],
        [
          0.0,
          -4.371138828673793e-08,
          1.0,
          0.0
        ]
      ],
      [
        [
          0.006881088018417358,
          -0.9999762773513794,
          -5.940252456593242e-11,
          0.0
        ],
        [
          0.9999762773513794,
          0.006881088018417358,
          1.0136634642776698e-08,
          1.0
        ],
        [
          -1.0135984496173478e-08,
          -1.291510787204686e-10,
          1.0,
          -4.371138828673793e-08
        ]
      ]
    ],
    [
      [
        [
          1.0,
          0.0,
          0.0,
          0.0
        ],
        [
          0.0,
          1.0,
          4.371138828673793e-08,
          0.0
        ],
        [
          0.0,
          -4.371138828673793e-08,
          1.0,
          0.0
        ]
      ],
      [
        [
          0.028711989521980286,
          -0.999587893486023,
          7.347511488120517e-12,
          0.0
        ],
        [
          0.999587893486023,
          0.028711991384625435,
          1.0290008845004195e-08,
          1.0
        ],
        [
          -1.0285980067692435e-08,
          -2.8810220875641335e-10,
          1.0,
          -4.371138828673793e-08
        ]
      ]
    ],
    [
      [
        [
          1.0,
          0.0,
          0.0,
          0.0
        ],
        [
          0.0,
          1.0,
          4.371138828673793e-08,
          0.0
        ],
        [
          0.0,
          -4.371138828673793e-08,
          1.0,
          0.0
        ]
      ],
      [
        [
          0.05844686180353165,
          -0.9982905387878418,
          1.0369985425917605e-10,
          0.0
        ],
        [
          0.9982905387878418,
          0.05844686180353165,
          1.0496652436131626e-08,
          1.0
        ],
        [
          -1.0484772161589717e-08,
          -5.099733968449982e-10,
          1.0,
          -4.371138828673793e-08
        ]
      ]
    ],
    [
      [
        [
          1.0,
          0.0,
          0.0,
          0.0
        ],
        [
          0.0,
          1.0,
          4.371138828673793e-08,
          0.0
        ],
        [
          0.0,
          -4.371138828673793e-08,
          1.0,
          0.0
        ]
      ],
      [
        [
          0.09562728554010391,
          -0.9954171776771545,
          2.3303403651198096e-10,
          0.0
        ],
        [
          0.9954171776771545,
          0.09562728554010391,
          1.0751374901474264e-08,
          1.0
        ],
        [
          -1.0724392041083775e-08,
          -7.961578063486741e-10,
          1.0,
          -4.371138828673793e-08
        ]
      ]
    ],
    [
      [
        [
          1.0,
          0.0,
          0.0,
          0.0
        ],
        [
          0.0,
          1.0,
          4.371138828673793e-08,
          0.0
        ],
        [
          0.0,
          -4.371138828673793e-08,
          1.0,
          0.0
        ]
      ],
      [
        [
          0.13974623382091522,
          -0.9901872873306274,
          3.9938921614357525e-10,
          0.0
        ],
        [
          0.9901872873306274,
          0.13974623382091522,
          1.1048296499893695e-08,
          1.0
        ],
        [
          -1.0995695021165375e-08,
          -1.1484866391242576e-09,
          1.0,
          -4.371138828673793e-08
        ]
      ]
    ],
    [
      [
        [
          1.0,
          0.0,
          0.0,
          0.0
        ],
        [
          0.0,
          1.0,
          4.371138828673793e-08,
          0.0
        ],
        [
          0.0,
          -4.371138828673793e-08,
          1.0,
          0.0
        ]
      ],
      [
        [
          0.19020289182662964,
          -0.9817448258399963,
          6.070605129693263e-10,
          0.0
        ],
        [
          0.9817448258399963,
          0.19020289182662964,
          1.1380652864545482e-08,
          1.0
        ],
        [
          -1.128836757402496e-08,
          -1.568653651418117e-09,
          1.0,
          -4.371138828673793e-08
        ]
      ]
    ],
    [
      [
        [
          1.0,
          0.0,
          0.0,
          0.0
        ],
        [
          0.0,
          1.0,
          4.371138828673793e-08,
          0.0
        ],
        [
          0.0,
          -4.371138828673793e-08,
          1.0,
          0.0
        ]
      ],
      [
        [
          0.2462596595287323,
          -0.9692038893699646,
          8.601560019805277e-10,
          0.0
        ],
        [
          0.9692038893699646,
          0.2462596595287323,
          1.1740635130763621e-08,
          1.0
        ],
        [
          -1.159088824920218e-08,
          -2.0575772197162223e-09,
          1.0,
          -4.371138828673793e-08
        ]
      ]
    ],
    [
      [
        [
          1.0,
          0.0,
          0.0,
          0.0
        ],
        [
          0.0,
          1.0,
          4.371138828673793e-08,
          0.0
        ],
        [
          0.0,
          -4.371138828673793e-08,
          1.0,
          0.0
        ]
      ],
      [
        [
          0.3070124685764313,
          -0.9517055749893188,
          1.1621057449673344e-09,
          0.0
        ],
        [
          0.9517055749893188,
          0.3070124685764313,
          1.2119318881786967e-08,
          1.0
        ],
        [
          -1.1890803008896e-08,
          -2.6147999321324278e-09,
          1.0,
          -4.371138828673793e-08
        ]
      ]
    ],
    [
      [
        [
          1.0,
          0.0,
          0.0,
          0.0
        ],
        [
          0.0,
          1.0,
          4.371138828673793e-08,
          0.0
        ],
        [
          0.0,
          -4.371138828673793e-08,
          1.0,
          0.0
        ]
      ],
      [
        [
          0.37137317657470703,
          -0.9284836053848267,
          1.5151405685642771e-09,
          0.0
        ],
        [
          0.9284836053848267,
          0.37137317657470703,
          1.2506752966601198e-08,
          1.0
        ],
        [
          -1.2174998786917968e-08,
          -3.237888179796755e-09,
          1.0,
          -4.371138828673793e-08
        ]
      ]
    ],
    [
      [
        [
          1.0,
          0.0,
          0.0,
          0.0
        ],
        [
          0.0,
          1.0,
          4.371138828673793e-08,
          0.0
        ],
        [
          0.0,
          -4.371138828673793e-08,
          1.0,
          0.0
        ]
      ],
      [
        [
          0.43807512521743774,
          -0.8989383578300476,
          1.9197921030666976e-09,
          0.0
        ],
        [
          0.8989383578300476,
          0.43807512521743774,
          1.2892222400751052e-08,
          1.0
        ],
        [
          -1.243033054265652e-08,
          -3.921988067645543e-09,
          1.0,
          -4.371138828673793e-08
        ]
      ]
    ],
    [
      [
        [
          1.0,
          0.0,
          0.0,
          0.0
        ],
        [
          0.0,
          1.0,
          4.371138828673793e-08,
          0.0
        ],
        [
          0.0,
          -4.371138828673793e-08,
          1.0,
          0.0
        ]
      ],
      [
        [
          0.5057037472724915,
          -0.862707257270813,
          2.3744812782666713e-09,
          0.0
        ],
        [
          0.862707257270813,
          0.5057037472724915,
          1.3264653375699709e-08,
          1.0
        ],
        [
          -1.2644298053032799e-08,
          -4.659503005655097e-09,
          1.0,
          -4.371138828673793e-08
        ]
      ]
    ],
    [
      [
        [
          1.0,
          0.0,
          0.0,
          0.0
        ],
        [
          0.0,
          1.0,
          4.371138828673793e-08,
          0.0
        ],
        [
          0.0,
          -4.371138828673793e-08,
          1.0,
          0.0
        ]
      ],
      [
        [
          0.57275390625,
          -0.8197273015975952,
          2.875238491739651e-09,
          0.0
        ],
        [
          0.8197273015975952,
          0.57275390625,
          1.361319945658579e-08,
          1.0
        ],
        [
          -1.280592165642247e-08,
          -5.4401034788043034e-09,
          1.0,
          -4.371138828673793e-08
        ]
      ]
    ],
    [
      [
        [
          1.0,
          0.0,
          0.0,
          0.0
        ],
        [
          0.0,
          1.0,
          4.371138828673793e-08,
          0.0
        ],
        [
          0.0,
          -4.371138828673793e-08,
          1.0,
          0.0
        ]
      ],
      [
        [
          0.6377096176147461,
          -0.7702768445014954,
          3.4156510952954022e-09,
          0.0
        ],
        [
          0.7702768445014954,
          0.6377096772193909,
          1.3927962783100156e-08,
          1.0
        ],
        [
          -1.2906578916727085e-08,
          -6.250999717849481e-09,
          1.0,
          -4.371138828673793e-08
        ]
      ]
    ],
    [
      [
        [
          1.0,
          0.0,
          0.0,
          0.0
        ],
        [
          0.0,
          1.0,
          4.371138828673793e-08,
          0.0
        ],
        [
          0.0,
          -4.371138828673793e-08,
          1.0,
          0.0
        ]
      ],
      [
        [
          0.6991400718688965,
          -0.7149847149848938,
          3.9870733381519585e-09,
          0.0
        ],
        [
          0.7149847149848938,
          0.6991400718688965,
          1.4200642439732292e-08,
          1.0
        ],
        [
          -1.2940763127744503e-08,
          -7.077540331579257e-09,
          1.0,
          -4.371138828673793e-08
        ]
      ]
    ],
    [
      [
        [
          1.0,
          0.0,
          0.0,
          0.0
        ],
        [
          0.0,
          1.0,
          4.371138828673793e-08,
          0.0
        ],
        [
          0.0,
          -4.371138828673793e-08,
          1.0,
          0.0
        ]
      ],
      [
        [
          0.7557947635650635,
          -0.654808521270752,
          4.579061574361276e-09,
          0.0
        ],
        [
          0.654808521270752,
          0.7557947635650635,
          1.4425205918655593e-08,
          1.0
        ],
        [
          -1.2906577140370246e-08,
          -7.904084498022712e-09,
          1.0,
          -4.371138828673793e-08
        ]
      ]
    ],
    [
      [
        [
          1.0,
          0.0,
          0.0,
          0.0
        ],
        [
          0.0,
          1.0,
          4.371138828673793e-08,
          0.0
        ],
        [
          0.0,
          -4.371138828673793e-08,
          1.0,
          0.0
        ]
      ],
      [
        [
          0.8066884279251099,
          -0.5909770727157593,
          5.180032847107441e-09,
          0.0
        ],
        [
          0.5909770727157593,
          0.8066884279251099,
          1.4598278141875198e-08,
          1.0
        ],
        [
          -1.280591988006563e-08,
          -8.714984289781569e-09,
          1.0,
          -4.371138828673793e-08
        ]
      ]
    ],
    [
      [
        [
          1.0,
          0.0,
          0.0,
          0.0
        ],
        [
          0.0,
          1.0,
          4.371138828673793e-08,
          0.0
        ],
        [
          0.0,
          -4.371138828673793e-08,
          1.0,
          0.0
        ]
      ],
      [
        [
          0.8511598110198975,
          -0.5249066948890686,
          5.7780216167202525e-09,
          0.0
        ],
        [
          0.5249066948890686,
          0.8511598110198975,
          1.4719329755052968e-08,
          1.0
        ],
        [
          -1.264429450031912e-08,
          -9.495584762930775e-09,
          1.0,
          -4.371138828673793e-08
        ]
      ]
    ],
    [
      [
        [
          1.0,
          0.0,
          0.0,
          0.0
        ],
        [
          0.0,
          1.0,
          4.371138828673793e-08,
          0.0
        ],
        [
          0.0,
          -4.371138828673793e-08,
          1.0,
          0.0
        ]
      ],
      [
        [
          0.888897180557251,
          -0.45810678601264954,
          6.361431825752106e-09,
          0.0
        ],
        [
          0.45810678601264954,
          0.888897180557251,
          1.4790588309665509e-08,
          1.0
        ],
        [
          -1.2430326989942841e-08,
          -1.0233099700940329e-08,
          1.0,
          -4.371138828673793e-08
        ]
      ]
    ],
    [
      [
        [
          1.0,
          0.0,
          0.0,
          0.0
        ],
        [
          0.0,
          1.0,
          4.371138828673793e-08,
          0.0
        ],
        [
          0.0,
          -4.371138828673793e-08,
          1.0,
          0.0
        ]
      ],
      [
        [
          0.9199296236038208,
          -0.39208364486694336,
          6.9196888219380526e-09,
          0.0
        ],
        [
          0.39208364486694336,
          0.9199296236038208,
          1.4816668780781583e-08,
          1.0
        ],
        [
          -1.2174999675096387e-08,
          -1.0917194259718599e-08,
          1.0,
          -4.371138828673793e-08
        ]
      ]
    ],
    [
      [
        [
          1.0,
          0.0,
          0.0,
          0.0
        ],
        [
          0.0,
          1.0,
          4.371138828673793e-08,
          0.0
        ],
        [
          0.0,
          -4.371138828673793e-08,
          1.0,
          0.0
        ]
      ],
      [
        [
          0.9445875883102417,
          -0.32825958728790283,
          7.443693661457473e-09,
          0.0
        ],
        [
          0.32825958728790283,
          0.9445875883102417,
          1.4804077963503914e-08,
          1.0
        ],
        [
          -1.1890801232539161e-08,
          -1.1540286948275025e-08,
          1.0,
          -4.371138828673793e-08
        ]
      ]
    ],
    [
      [
        [
          1.0,
          0.0,
          0.0,
          0.0
        ],
        [
          0.0,
          1.0,
          4.371138828673793e-08,
          0.0
        ],
        [
          0.0,
          -4.371138828673793e-08,
          1.0,
          0.0
        ]
      ],
      [
        [
          0.9634428024291992,
          -0.26791396737098694,
          7.92606869026713e-09,
          0.0
        ],
        [
          0.26791396737098694,
          0.9634428024291992,
          1.4760617617071148e-08,
          1.0
        ],
        [
          -1.1590891801915859e-08,
          -1.209750877251281e-08,
          1.0,
          -4.371138828673793e-08
        ]
      ]
    ],
    [
      [
        [
          1.0,
          0.0,
          0.0,
          0.0
        ],
        [
          0.0,
          1.0,
          4.371138828673793e-08,
          0.0
        ],
        [
          0.0,
          -4.371138828673793e-08,
          1.0,
          0.0
        ]
      ],
      [
        [
          0.9772366881370544,
          -0.21215231716632843,
          8.36116242908247e-09,
          0.0
        ],
        [
          0.21215231716632843,
          0.9772366881370544,
          1.469476984539142e-08,
          1.0
        ],
        [
          -1.1288364909489701e-08,
          -1.2586433228989335e-08,
          1.0,
          -4.371138828673793e-08
        ]
      ]
    ],
    [
      [
        [
          1.0,
          0.0,
          0.0,
          0.0
        ],
        [
          0.0,
          1.0,
          4.371138828673793e-08,
          0.0
        ],
        [
          0.0,
          -4.371138828673793e-08,
          1.0,
          0.0
        ]
      ],
      [
        [
          0.986807644367218,
          -0.1618974208831787,
          8.744901691670748e-09,
          0.0
        ],
        [
          0.1618974208831787,
          0.986807644367218,
          1.4615180177202092e-08,
          1.0
        ],
        [
          -1.0995696797522214e-08,
          -1.3006598464926356e-08,
          1.0,
          -4.371138828673793e-08
        ]
      ]
    ],
    [
      [
        [
          1.0,
          0.0,
          0.0,
          0.0
        ],
        [
          0.0,
          1.0,
          4.371138828673793e-08,
          0.0
        ],
        [
          0.0,
          -4.371138828673793e-08,
          1.0,
          0.0
        ]
      ],
      [
        [
          0.9930247068405151,
          -0.1179066151380539,
          9.074474505155194e-09,
          0.0
        ],
        [
          0.1179066151380539,
          0.9930247068405151,
          1.4530220582287257e-08,
