{
  "P": [
    [
      [
        [
          0.005794914439320564,
          0.915916919708252,
          -0.40132564306259155,
          -55.1795768737793
        ],
        [
          -0.005559278652071953,
          -0.40129658579826355,
          -0.9159311652183533,
          28.273679733276367
        ],
        [
          -0.9999675750732422,
          0.00753853190690279,
          0.0027663707733154297,
          16.89081573486328
        ]
      ],
      [
        [
          0.5178940296173096,
          0.44478267431259155,
          -0.7307214140892029,
          73.88377380371094
        ],
        [
          -0.4402724802494049,
          -0.5937927961349487,
          -0.6734759211540222,
          -28.273683547973633
        ],
        [
          -0.733447790145874,
          0.6705056428909302,
          -0.11169610172510147,
          17.95308494567871
        ]
      ]
    ],
    [
      [
        [
          0.005794914439320564,
          0.915916919708252,
          -0.40132564306259155,
          -55.1795768737793
        ],
        [
          -0.005559278652071953,
          -0.40129658579826355,
          -0.9159311652183533,
          28.273679733276367
        ],
        [
          -0.9999675750732422,
          0.00753853190690279,
          0.0027663707733154297,
          16.89081573486328
        ]
      ],
      [
        [
          0.5178940296173096,
          0.44478267431259155,
          -0.7307214140892029,
          73.88377380371094
        ],
        [
          -0.4402724802494049,
          -0.5937927961349487,
          -0.6734759211540222,
          -28.273683547973633
        ],
        [
          -0.733447790145874,
          0.6705056428909302,
          -0.11169610172510147,
          17.95308494567871
        ]
      ]
    ],
    [
      [
        [
          0.005794914439320564,
          0.915916919708252,
          -0.40132564306259155,
          -55.1795768737793
        ],
        [
          -0.005559278652071953,
          -0.40129658579826355,
          -0.9159311652183533,
          28.273679733276367
        ],
        [
          -0.9999675750732422,
          0.00753853190690279,
          0.0027663707733154297,
          16.89081573486328
        ]
      ],
      [
        [
          0.5154045224189758,
          0.44705331325531006,
          -0.7310958504676819,
          73.88377380371094
        ],
        [
          -0.4402724504470825,
          -0.5937927961349487,
          -0.6734758615493774,
          -28.273683547973633
        ],
        [
          -0.7351993918418884,
          0.6689938306808472,
          -0.10921813547611237,
          17.95308494567871
        ]
      ]
    ],
    [
      [
        [
          0.005794914439320564,
          0.915916919708252,
          -0.40132564306259155,
          -55.1795768737793
        ],
        [
          -0.005559278652071953,
          -0.40129658579826355,
          -0.9159311652183533,
          28.273679733276367
        ],
        [
          -0.9999675750732422,
          0.00753853190690279,
          0.0027663707733154297,
          16.89081573486328
        ]
      ],
      [
        [
          0.5081242322921753,
          0.4536333382129669,
          -0.7321380972862244,
          73.88377380371094
        ],
        [
          -0.4402724802494049,
          -0.5937927961349487,
          -0.6734759211540222,
          -28.273683547973633
        ],
        [
          -0.7402496933937073,
          0.6645496487617493,
          -0.10199815779924393,
          17.95308494567871
        ]
      ]
    ],
    [
      [
        [
          0.005794914439320564,
          0.915916919708252,
          -0.40132564306259155,
          -55.1795768737793
        ],
        [
          -0.005559278652071953,
          -0.40129658579826355,
          -0.9159311652183533,
          28.273679733276367
        ],
        [
          -0.9999675750732422,
          0.00753853190690279,
          0.0027663707733154297,
          16.89081573486328
        ]
      ],
      [
        [
          0.4962809085845947,
          0.4641503691673279,
          -0.7336684465408325,
          73.88377380371094
        ],
        [
          -0.4402724802494049,
          -0.5937927961349487,
          -0.6734759211540222,
          -28.273683547973633
        ],
        [
          -0.7482414245605469,
          0.6572472453117371,
          -0.09033531695604324,
          17.95308494567871
        ]
      ]
    ],
    [
      [
        [
          0.005794914439320564,
          0.915916919708252,
          -0.40132564306259155,
          -55.1795768737793
        ],
        [
          -0.005559278652071953,
          -0.40129658579826355,
          -0.9159311652183533,
          28.273679733276367
        ],
        [
          -0.9999675750732422,
          0.00753853190690279,
          0.0027663707733154297,
          16.89081573486328
        ]
      ],
      [
        [
          0.4800482988357544,
          0.4782000482082367,
          -0.7354440689086914,
          73.88377380371094
        ],
        [
          -0.4402724504470825,
          -0.5937927961349487,
          -0.6734759211540222,
          -28.273683547973633
        ],
        [
          -0.7587578296661377,
          0.6470966935157776,
          -0.0745108425617218,
          17.95308494567871
        ]
      ]
    ],
    [
      [
        [
          0.005794914439320564,
          0.915916919708252,
          -0.40132564306259155,
          -55.1795768737793
        ],
        [
          -0.005559278652071953,
          -0.40129658579826355,
          -0.9159311652183533,
          28.273679733276367
        ],
        [
          -0.9999675750732422,
          0.00753853190690279,
          0.0027663707733154297,
          16.89081573486328
        ]
      ],
      [
        [
          0.4595707356929779,
          0.49534618854522705,
          -0.7371746897697449,
          73.88377380371094
        ],
        [
          -0.4402724802494049,
          -0.5937927961349487,
          -0.6734759211540222,
          -28.273683547973633
        ],
        [
          -0.7713329792022705,
          0.6340675354003906,
          -0.05480244383215904,
          17.95308494567871
        ]
      ]
    ],
    [
      [
        [
          0.005794914439320564,
          0.915916919708252,
          -0.40132564306259155,
          -55.1795768737793
        ],
        [
          -0.005559278652071953,
          -0.40129658579826355,
          -0.9159311652183533,
          28.273679733276367
        ],
        [
          -0.9999675750732422,
          0.00753853190690279,
          0.0027663707733154297,
          16.89081573486328
        ]
      ],
      [
        [
          0.4349863529205322,
          0.5151202082633972,
          -0.7385374903678894,
          73.88377380371094
        ],
        [
          -0.4402724802494049,
          -0.5937928557395935,
          -0.6734759211540222,
          -28.273683547973633
        ],
        [
          -0.785459578037262,
          0.6181105375289917,
          -0.03149844706058502,
          17.95308494567871
        ]
      ]
    ],
    [
      [
        [
          0.005794914439320564,
          0.915916919708252,
          -0.40132564306259155,
          -55.1795768737793
        ],
        [
          -0.005559278652071953,
          -0.40129658579826355,
          -0.9159311652183533,
          28.273679733276367
        ],
        [
          -0.9999675750732422,
          0.00753853190690279,
          0.0027663707733154297,
          16.89081573486328
        ]
      ],
      [
        [
          0.40644925832748413,
          0.5370222926139832,
          -0.739192545413971,
          73.88377380371094
        ],
        [
          -0.4402724504470825,
          -0.5937927961349487,
          -0.6734759211540222,
          -28.273683547973633
        ],
        [
          -0.8005990386009216,
          0.5991799235343933,
          -0.004910450428724289,
          17.95308494567871
        ]
      ]
    ],
    [
      [
        [
          0.005794914439320564,
          0.915916919708252,
          -0.40132564306259155,
          -55.1795768737793
        ],
        [
          -0.005559278652071953,
          -0.40129658579826355,
          -0.9159311652183533,
          28.273679733276367
        ],
        [
          -0.9999675750732422,
          0.00753853190690279,
          0.0027663707733154297,
          16.89081573486328
        ]
      ],
      [
        [
          0.37415000796318054,
          0.5605243444442749,
          -0.7387989163398743,
          73.88377380371094
        ],
        [
          -0.4402724504470825,
          -0.5937927961349487,
          -0.673475980758667,
          -28.273683547973633
        ],
        [
          -0.8161934018135071,
          0.5772537589073181,
          0.02461596578359604,
          17.95308494567871
        ]
      ]
    ],
    [
      [
        [
          0.005794914439320564,
          0.915916919708252,
          -0.40132564306259155,
          -55.1795768737793
        ],
        [
          -0.005559278652071953,
          -0.40129658579826355,
          -0.9159311652183533,
          28.273679733276367
        ],
        [
          -0.9999675750732422,
          0.00753853190690279,
          0.0027663707733154297,
          16.89081573486328
        ]
      ],
      [
        [
          0.33833199739456177,
          0.5850774049758911,
          -0.7370315790176392,
          73.88377380371094
        ],
        [
          -0.4402724504470825,
          -0.5937927961349487,
          -0.673475980758667,
          -28.273683547973633
        ],
        [
          -0.8316798806190491,
          0.552353024482727,
          0.056694500148296356,
          17.95308494567871
        ]
      ]
    ],
    [
      [
        [
          0.005794914439320564,
          0.915916919708252,
          -0.40132564306259155,
          -55.1795768737793
        ],
        [
          -0.005559278652071953,
          -0.40129658579826355,
          -0.9159311652183533,
          28.273679733276367
        ],
        [
          -0.9999675750732422,
          0.00753853190690279,
          0.0027663707733154297,
          16.89081573486328
        ]
      ],
      [
        [
          0.2993052303791046,
          0.6101212501525879,
          -0.7335993647575378,
          73.88377380371094
        ],
        [
          -0.4402724504470825,
          -0.5937927961349487,
          -0.6734759211540222,
          -28.273683547973633
        ],
        [
          -0.846508264541626,
          0.5245583653450012,
          0.090894415974617,
          17.95308494567871
        ]
      ]
    ],
    [
      [
        [
          0.005794914439320564,
          0.915916919708252,
          -0.40132564306259155,
          -55.1795768737793
        ],
        [
          -0.005559278652071953,
          -0.40129658579826355,
          -0.9159311652183533,
          28.273679733276367
        ],
        [
          -0.9999675750732422,
          0.00753853190690279,
          0.0027663707733154297,
          16.89081573486328
        ]
      ],
      [
        [
          0.2574540078639984,
          0.6350991129875183,
          -0.7282624244689941,
          73.88377380371094
        ],
        [
          -0.4402724504470825,
          -0.5937927961349487,
          -0.673475980758667,
          -28.273683547973633
        ],
        [
          -0.8601612448692322,
          0.49402278661727905,
          0.126742422580719,
          17.95308494567871
        ]
      ]
    ],
    [
      [
        [
          0.005794914439320564,
          0.915916919708252,
          -0.40132564306259155,
          -55.1795768737793
        ],
        [
          -0.005559278652071953,
          -0.40129658579826355,
          -0.9159311652183533,
          28.273679733276367
        ],
        [
          -0.9999675750732422,
          0.00753853190690279,
          0.0027663707733154297,
          16.89081573486328
        ]
      ],
      [
        [
          0.21323849260807037,
          0.65947425365448,
          -0.720848560333252,
          73.88377380371094
        ],
        [
          -0.4402724504470825,
          -0.5937927961349487,
          -0.6734759211540222,
          -28.273683547973633
        ],
        [
          -0.8721749782562256,
          0.460980623960495,
          0.16372895240783691,
          17.95308494567871
        ]
      ]
    ],
    [
      [
        [
          0.005794914439320564,
          0.915916919708252,
          -0.40132564306259155,
          -55.1795768737793
        ],
        [
          -0.005559278652071953,
          -0.40129658579826355,
          -0.9159311652183533,
          28.273679733276367
        ],
        [
          -0.9999675750732422,
          0.00753853190690279,
          0.0027663707733154297,
          16.89081573486328
        ]
      ],
      [
        [
          0.16719050705432892,
          0.682749330997467,
          -0.7112666964530945,
          73.88377380371094
        ],
        [
          -0.4402724504470825,
          -0.5937927961349487,
          -0.6734759211540222,
          -28.273683547973633
        ],
        [
          -0.8821605443954468,
          0.425749808549881,
          0.20131933689117432,
          17.95308494567871
        ]
      ]
    ],
    [
      [
        [
          0.005794914439320564,
          0.915916919708252,
          -0.40132564306259155,
          -55.1795768737793
        ],
        [
          -0.005559278652071953,
          -0.40129658579826355,
          -0.9159311652183533,
          28.273679733276367
        ],
        [
          -0.9999675750732422,
          0.00753853190690279,
          0.0027663707733154297,
          16.89081573486328
        ]
      ],
      [
        [
          0.11990232765674591,
          0.7044849991798401,
          -0.6995169520378113,
          73.88377380371094
        ],
        [
          -0.4402724504470825,
          -0.5937927961349487,
          -0.673475980758667,
          -28.273683547973633
        ],
        [
          -0.8898220658302307,
          0.3887292146682739,
          0.23896834254264832,
          17.95308494567871
        ]
      ]
    ],
    [
      [
        [
          0.005794914439320564,
          0.915916919708252,
          -0.40132564306259155,
          -55.1795768737793
        ],
        [
          -0.005559278652071953,
          -0.40129658579826355,
          -0.9159311652183533,
          28.273679733276367
        ],
        [
          -0.9999675750732422,
          0.00753853190690279,
          0.0027663707733154297,
          16.89081573486328
        ]
      ],
      [
        [
          0.07200990617275238,
          0.7243182063102722,
          -0.6856948137283325,
          73.88377380371094
        ],
        [
          -0.44027239084243774,
          -0.5937927961349487,
          -0.6734759211540222,
          -28.273683547973633
        ],
        [
          -0.8949717283248901,
          0.35038936138153076,
          0.27613845467567444,
          17.95308494567871
        ]
      ]
    ],
    [
      [
        [
          0.005794914439320564,
          0.915916919708252,
          -0.40132564306259155,
          -55.1795768737793
        ],
        [
          -0.005559278652071953,
          -0.40129658579826355,
          -0.9159311652183533,
          28.273679733276367
        ],
        [
          -0.9999675750732422,
          0.00753853190690279,
          0.0027663707733154297,
          16.89081573486328
        ]
      ],
      [
        [
          0.024173840880393982,
          0.7419753670692444,
          -0.6699909567832947,
          73.88377380371094
        ],
        [
          -0.4402724504470825,
          -0.593792736530304,
          -0.673475980758667,
          -28.273683547973633
        ],
        [
          -0.8975384831428528,
          0.31125885248184204,
          0.3123171627521515,
          17.95308494567871
        ]
      ]
    ],
    [
      [
        [
          0.005794914439320564,
          0.915916919708252,
          -0.40132564306259155,
          -55.1795768737793
        ],
        [
          -0.005559278652071953,
          -0.40129658579826355,
          -0.9159311652183533,
          28.273679733276367
        ],
        [
          -0.9999675750732422,
          0.00753853190690279,
          0.0027663707733154297,
          16.89081573486328
        ]
      ],
      [
        [
          -0.022944346070289612,
          0.7572823762893677,
          -0.6526841521263123,
          73.88377380371094
        ],
        [
          -0.44027242064476013,
          -0.5937927961349487,
          -0.673475980758667,
          -28.273683547973633
        ],
        [
          -0.897570788860321,
          0.2719062864780426,
          0.34703484177589417,
          17.95308494567871
        ]
      ]
    ],
    [
      [
        [
          0.005794914439320564,
          0.915916919708252,
          -0.40132564306259155,
          -55.1795768737793
        ],
        [
          -0.005559278652071953,
          -0.40129658579826355,
          -0.9159311652183533,
          28.273679733276367
        ],
        [
          -0.9999675750732422,
          0.00753853190690279,
          0.0027663707733154297,
          16.89081573486328
        ]
      ],
      [
        [
          -0.06870311498641968,
          0.770167350769043,
          -0.6341307163238525,
          73.88377380371094
        ],
        [
          -0.4402724504470825,
          -0.5937927961349487,
          -0.673475980758667,
          -28.273683547973633
        ],
        [
          -0.8952316045761108,
          0.23292022943496704,
          0.379878968000412,
          17.95308494567871
        ]
      ]
    ],
    [
      [
        [
          0.005794914439320564,
          0.915916919708252,
          -0.40132564306259155,
          -55.1795768737793
        ],
        [
          -0.005559278652071953,
          -0.40129658579826355,
          -0.9159311652183533,
          28.273679733276367
        ],
        [
          -0.9999675750732422,
          0.00753853190690279,
          0.0027663707733154297,
          16.89081573486328
        ]
      ],
      [
        [
          -0.11250020563602448,
          0.7806582450866699,
          -0.6147487759590149,
          73.88377380371094
        ],
        [
          -0.44027242064476013,
          -0.5937927961349487,
          -0.673475980758667,
          -28.273683547973633
        ],
        [
          -0.8907881379127502,
          0.194890558719635,
          0.41050422191619873,
          17.95308494567871
        ]
      ]
    ],
    [
      [
        [
          0.005794914439320564,
          0.915916919708252,
          -0.40132564306259155,
          -55.1795768737793
        ],
        [
          -0.005559278652071953,
          -0.40129658579826355,
          -0.9159311652183533,
          28.273679733276367
        ],
        [
          -0.9999675750732422,
          0.00753853190690279,
          0.0027663707733154297,
          16.89081573486328
        ]
      ],
      [
        [
          -0.15378716588020325,
          0.7888738512992859,
          -0.595001757144928,
          73.88377380371094
        ],
        [
          -0.4402724504470825,
          -0.5937927961349487,
          -0.6734759211540222,
          -28.273683547973633
        ],
        [
          -0.8845954537391663,
          0.15839073061943054,
          0.43863728642463684,
          17.95308494567871
        ]
      ]
    ],
    [
      [
        [
          0.005794914439320564,
          0.915916919708252,
          -0.40132564306259155,
          -55.1795768737793
        ],
        [
          -0.005559278652071953,
          -0.40129658579826355,
          -0.9159311652183533,
          28.273679733276367
        ],
        [
          -0.9999675750732422,
          0.00753853190690279,
          0.0027663707733154297,
          16.89081573486328
        ]
      ],
      [
        [
          -0.19207879900932312,
          0.7950111627578735,
          -0.5753805041313171,
          73.88377380371094
        ],
        [
          -0.4402725100517273,
          -0.593792736530304,
          -0.6734759211540222,
          -28.273683547973633
        ],
        [
          -0.8770778179168701,
          0.12396352738142014,
          0.4640766382217407,
          17.95308494567871
        ]
      ]
    ],
    [
      [
        [
          0.005794914439320564,
          0.915916919708252,
          -0.40132564306259155,
          -55.1795768737793
        ],
        [
          -0.005559278652071953,
          -0.40129658579826355,
          -0.9159311652183533,
          28.273679733276367
        ],
        [
          -0.9999675750732422,
          0.00753853190690279,
          0.0027663707733154297,
          16.89081573486328
        ]
      ],
      [
        [
          -0.22695516049861908,
          0.7993278503417969,
          -0.5563865900039673,
          73.88377380371094
        ],
        [
          -0.44027242064476013,
          -0.593792736530304,
          -0.6734760403633118,
          -28.273683547973633
        ],
        [
          -0.8687065839767456,
          0.09211260825395584,
          0.4866864085197449,
          17.95308494567871
        ]
      ]
    ],
    [
      [
        [
          0.005794914439320564,
          0.915916919708252,
          -0.40132564306259155,
          -55.1795768737793
        ],
        [
          -0.005559278652071953,
          -0.40129658579826355,
          -0.9159311652183533,
          28.273679733276367
        ],
        [
          -0.9999675750732422,
          0.00753853190690279,
          0.0027663707733154297,
          16.89081573486328
        ]
      ],
      [
        [
          -0.25805824995040894,
          0.8021240234375,
          -0.5385189056396484,
          73.88377380371094
        ],
        [
          -0.4402725100517273,
          -0.5937927961349487,
          -0.673475980758667,
          -28.273683547973633
        ],
        [
          -0.8599799871444702,
          0.06329887360334396,
          0.5063863396644592,
          17.95308494567871
        ]
      ]
    ],
    [
      [
        [
          0.005794914439320564,
          0.915916919708252,
          -0.40132564306259155,
          -55.1795768737793
        ],
        [
          -0.005559278652071953,
          -0.40129658579826355,
          -0.9159311652183533,
          28.273679733276367
        ],
        [
          -0.9999675750732422,
          0.00753853190690279,
          0.0027663707733154297,
          16.89081573486328
        ]
      ],
      [
        [
          -0.28508394956588745,
          0.8037227392196655,
          -0.5222609043121338,
          73.88377380371094
        ],
        [
          -0.44027236104011536,
          -0.5937927961349487,
          -0.673475980758667,
          -28.273683547973633
        ],
        [
          -0.8514028787612915,
          0.03793967515230179,
          0.5231378674507141,
          17.95308494567871
        ]
      ]
    ],
    [
      [
        [
          0.005794914439320564,
          0.915916919708252,
          -0.40132564306259155,
          -55.1795768737793
        ],
        [
          -0.005559278652071953,
          -0.40129658579826355,
          -0.9159311652183533,
          28.273679733276367
        ],
        [
          -0.9999675750732422,
          0.00753853190690279,
          0.0027663707733154297,
          16.89081573486328
        ]
      ],
      [
        [
          -0.30776679515838623,
          0.8044502139091492,
          -0.5080739259719849,
          73.88377380371094
        ],
        [
          -0.44027242064476013,
          -0.5937928557395935,
          -0.6734759211540222,
          -28.273683547973633
        ],
        [
          -0.8434685468673706,
          0.016417162492871284,
          0.5369271039962769,
          17.95308494567871
        ]
      ]
    ],
    [
      [
        [
          0.005794914439320564,
          0.915916919708252,
          -0.40132564306259155,
          -55.1795768737793
        ],
        [
          -0.005559278652071953,
          -0.40129658579826355,
          -0.9159311652183533,
          28.273679733276367
        ],
        [
          -0.9999675750732422,
          0.00753853190690279,
          0.0027663707733154297,
          16.89081573486328
        ]
      ],
      [
        [
          -0.32586413621902466,
          0.8046172857284546,
          -0.4963904321193695,
          73.88377380371094
        ],
        [
          -0.44027242064476013,
          -0.5937928557395935,
          -0.673475980758667,
          -28.273683547973633
        ],
        [
          -0.8366434574127197,
          -0.0009148623794317245,
          0.5477467179298401,
          17.95308494567871
        ]
      ]
    ],
    [
      [
        [
          0.005794914439320564,
          0.915916919708252,
          -0.40132564306259155,
          -55.1795768737793
        ],
        [
          -0.005559278652071953,
          -0.40129658579826355,
          -0.9159311652183533,
          28.273679733276367
        ],
        [
          -0.9999675750732422,
          0.00753853190690279,
          0.0027663707733154297,
          16.89081573486328
        ]
      ],
      [
        [
          -0.33913564682006836,
          0.8045008182525635,
          -0.4876115918159485,
          73.88377380371094
        ],
        [
          -0.44027242064476013,
          -0.5937927961349487,
          -0.673475980758667,
          -28.273683547973633
        ],
        [
          -0.8313522934913635,
          -0.013717958703637123,
          0.555575966835022,
          17.95308494567871
        ]
      ]
    ],
    [
      [
        [
          0.005794914439320564,
          0.915916919708252,
          -0.40132564306259155,
          -55.1795768737793
        ],
        [
          -0.005559278652071953,
          -0.40129658579826355,
          -0.9159311652183533,
          28.273679733276367
        ],
        [
          -0.9999675750732422,
          0.00753853190690279,
          0.0027663707733154297,
          16.89081573486328
        ]
      ],
      [
        [
          -0.34732306003570557,
          0.8043262362480164,
          -0.4821053743362427,
          73.88377380371094
        ],
        [
          -0.4402724504470825,
          -0.5937927961349487,
          -0.6734759211540222,
          -28.273683547973633
        ],
        [
          -0.8279651999473572,
          -0.02165619656443596,
          0.5603606700897217,
          17.95308494567871
        ]
      ]
    ],
    [
      [
        [
          0.005794914439320564,
          0.915916919708252,
          -0.40132564306259155,
          -55.1795768737793
        ],
        [
          -0.005559278652071953,
          -0.40129658579826355,
          -0.9159311652183533,
          28.273679733276367
        ],
        [
          -0.9999675750732422,
          0.00753853190690279,
          0.0027663707733154297,
          16.89081573486328
        ]
      ],
      [
        [
          -0.350128173828125,
          0.8042482137680054,
          -0.480202853679657,
          73.88377380371094
        ],
        [
          -0.44027242064476013,
          -0.5937927961349487,
          -0.673475980758667,
          -28.273683547973633
        ],
        [
          -0.8267829418182373,
          -0.024383028969168663,
          0.5619919896125793,
          17.95308494567871
        ]
      ]
    ],
    [
      [
        [
          0.005794914439320564,
          0.915916919708252,
          -0.40132564306259155,
          -55.1795768737793
        ],
        [
          -0.005559278652071953,
          -0.40129658579826355,
          -0.9159311652183533,
          28.273679733276367
        ],
        [
          -0.9999675750732422,
          0.00753853190690279,
          0.0027663707733154297,
          16.89081573486328
        ]
      ],
      [
        [
          -0.34750503301620483,
          0.8043214082717896,
          -0.48198217153549194,
          73.88377380371094
        ],
        [
          -0.44027242064476013,
          -0.593792736530304,
          -0.6734760403633118,
          -28.273683547973633
        ],
        [
          -0.8278887867927551,
          -0.021833110600709915,
          0.5604666471481323,
          17.95308494567871
        ]
      ]
    ],
    [
      [
        [
          0.005794914439320564,
          0.915916919708252,
          -0.40132564306259155,
          -55.1795768737793
        ],
        [
          -0.005559278652071953,
          -0.40129658579826355,
          -0.9159311652183533,
          28.273679733276367
        ],
        [
          -0.9999675750732422,
          0.00753853190690279,
          0.0027663707733154297,
          16.89081573486328
        ]
      ],
      [
        [
          -0.3398427367210388,
          0.8044888377189636,
          -0.48713886737823486,
          73.88377380371094
        ],
        [
          -0.44027236104011536,
          -0.5937927961349487,
          -0.673475980758667,
          -28.273683547973633
        ],
        [
          -0.8310635685920715,
          -0.014402376487851143,
          0.5559905171394348,
          17.95308494567871
        ]
      ]
    ],
    [
      [
        [
          0.005794914439320564,
          0.915916919708252,
          -0.40132564306259155,
          -55.1795768737793
        ],
        [
          -0.005559278652071953,
          -0.40129658579826355,
          -0.9159311652183533,
          28.273679733276367
        ],
        [
          -0.9999675750732422,
          0.00753853190690279,
          0.0027663707733154297,
          16.89081573486328
        ]
      ],
      [
        [
          -0.3274124264717102,
          0.8046141862869263,
          -0.49537551403045654,
          73.88377380371094
        ],
        [
          -0.44027236104011536,
          -0.5937927961349487,
          -0.673475980758667,
          -28.273683547973633
        ],
        [
          -0.8360387682914734,
          -0.002404535189270973,
          0.5486646294593811,
          17.95308494567871
        ]
      ]
    ],
    [
      [
        [
          0.005794914439320564,
          0.915916919708252,
          -0.40132564306259155,
          -55.1795768737793
        ],
        [
          -0.005559278652071953,
          -0.40129658579826355,
          -0.9159311652183533,
          28.273679733276367
        ],
        [
          -0.9999675750732422,
          0.00753853190690279,
          0.0027663707733154297,
          16.89081573486328
        ]
      ],
      [
        [
          -0.31044983863830566,
          0.8044984340667725,
          -0.5063623189926147,
          73.88377380371094
        ],
        [
          -0.4402724504470825,
          -0.5937927961349487,
          -0.673475980758667,
          -28.273683547973633
        ],
        [
          -0.8424848318099976,
          0.013856641948223114,
          0.5385414958000183,
          17.95308494567871
        ]
      ]
    ],
    [
      [
        [
          0.005794914439320564,
          0.915916919708252,
          -0.40132564306259155,
          -55.1795768737793
        ],
        [
          -0.005559278652071953,
          -0.40129658579826355,
          -0.9159311652183533,
          28.273679733276367
        ],
        [
          -0.9999675750732422,
          0.00753853190690279,
          0.0027663707733154297,
          16.89081573486328
        ]
      ],
      [
        [
          -0.2891727089881897,
          0.8038958311080933,
          -0.519740641117096,
          73.88377380371094
        ],
        [
          -0.44027239084243774,
          -0.5937927961349487,
          -0.673475980758667,
          -28.273683547973633
        ],
        [
          -0.8500228524208069,
          0.03407638520002365,
          0.525641918182373,
          17.95308494567871
        ]
      ]
    ],
    [
      [
        [
          0.005794914439320564,
          0.915916919708252,
          -0.40132564306259155,
          -55.1795768737793
        ],
        [
          -0.005559278652071953,
          -0.40129658579826355,
          -0.9159311652183533,
          28.273679733276367
        ],
        [
          -0.9999675750732422,
          0.00753853190690279,
          0.0027663707733154297,
          16.89081573486328
        ]
      ],
      [
        [
          -0.2637985348701477,
          0.8025290369987488,
          -0.5351234674453735,
          73.88377380371094
        ],
        [
          -0.4402724504470825,
          -0.5937927961349487,
          -0.6734759211540222,
          -28.273683547973633
        ],
        [
          -0.85823655128479,
          0.05793791264295578,
          0.5099732279777527,
          17.95308494567871
        ]
      ]
    ],
    [
      [
        [
          0.005794914439320564,
          0.915916919708252,
          -0.40132564306259155,
          -55.1795768737793
        ],
        [
          -0.005559278652071953,
          -0.40129658579826355,
          -0.9159311652183533,
          28.273679733276367
        ],
        [
          -0.9999675750732422,
          0.00753853190690279,
          0.0027663707733154297,
          16.89081573486328
        ]
      ],
      [
        [
          -0.23456187546253204,
          0.800104558467865,
          -0.5520987510681152,
          73.88377380371094
        ],
        [
          -0.4402724802494049,
          -0.5937927961349487,
          -0.673475980758667,
          -28.273683547973633
        ],
        [
          -0.8666835427284241,
          0.0851018875837326,
          0.49154528975486755,
          17.95308494567871
        ]
      ]
    ],
    [
      [
        [
          0.005794914439320564,
          0.915916919708252,
          -0.40132564306259155,
          -55.1795768737793
        ],
        [
          -0.005559278652071953,
          -0.40129658579826355,
          -0.9159311652183533,
          28.273679733276367
        ],
        [
          -0.9999675750732422,
          0.00753853190690279,
          0.0027663707733154297,
          16.89081573486328
        ]
      ],
      [
        [
          -0.20172886550426483,
          0.7963284254074097,
          -0.5702334642410278,
          73.88377380371094
        ],
        [
          -0.44027239084243774,
          -0.5937927961349487,
          -0.673475980758667,
          -28.273683547973633
        ],
        [
          -0.8749086856842041,
          0.11519831418991089,
          0.47038668394088745,
          17.95308494567871
        ]
      ]
    ],
    [
      [
        [
          0.005794914439320564,
          0.915916919708252,
          -0.40132564306259155,
          -55.1795768737793
        ],
        [
          -0.005559278652071953,
          -0.40129658579826355,
          -0.9159311652183533,
          28.273679733276367
        ],
        [
          -0.9999675750732422,
          0.00753853190690279,
          0.0027663707733154297,
          16.89081573486328
        ]
      ],
      [
        [
          -0.1656094491481781,
          0.7909225225448608,
          -0.5890794992446899,
          73.88377380371094
        ],
        [
          -0.4402724504470825,
          -0.5937927961349487,
          -0.673475980758667,
          -28.273683547973633
        ],
        [
          -0.8824586272239685,
          0.147821307182312,
          0.44655922055244446,
          17.95308494567871
        ]
      ]
    ],
    [
      [
        [
          0.005794914439320564,
          0.915916919708252,
          -0.40132564306259155,
          -55.1795768737793
        ],
        [
          -0.005559278652071953,
          -0.40129658579826355,
          -0.9159311652183533,
          28.273679733276367
        ],
        [
          -0.9999675750732422,
          0.00753853190690279,
          0.0027663707733154297,
          16.89081573486328
        ]
      ],
      [
        [
          -0.12656675279140472,
          0.7836413383483887,
          -0.6081832647323608,
          73.88377380371094
        ],
        [
          -0.4402724504470825,
          -0.5937927961349487,
          -0.673475980758667,
          -28.273683547973633
        ],
        [
          -0.8888985514640808,
          0.18252645432949066,
          0.42017021775245667,
          17.95308494567871
        ]
      ]
    ],
    [
      [
        [
          0.005794914439320564,
          0.915916919708252,
          -0.40132564306259155,
          -55.1795768737793
        ],
        [
          -0.005559278652071953,
          -0.40129658579826355,
          -0.9159311652183533,
          28.273679733276367
        ],
        [
          -0.9999675750732422,
          0.00753853190690279,
          0.0027663707733154297,
          16.89081573486328
        ]
      ],
      [
        [
          -0.0850200206041336,
          0.7742874622344971,
          -0.6270965337753296,
          73.88377380371094
        ],
        [
          -0.44027239084243774,
          -0.5937927961349487,
          -0.673475980758667,
          -28.273683547973633
        ],
        [
          -0.8938295841217041,
          0.21883419156074524,
          0.3913818299770355,
          17.95308494567871
        ]
      ]
    ],
    [
      [
        [
          0.005794914439320564,
          0.915916919708252,
          -0.40132564306259155,
          -55.1795768737793
        ],
        [
          -0.005559278652071953,
          -0.40129658579826355,
          -0.9159311652183533,
          28.273679733276367
        ],
        [
          -0.9999675750732422,
          0.00753853190690279,
          0.0027663707733154297,
          16.89081573486328
        ]
      ],
      [
        [
          -0.04144558310508728,
          0.7627274990081787,
          -0.6453902721405029,
          73.88377380371094
        ],
        [
          -0.4402724504470825,
          -0.5937927961349487,
          -0.6734759211540222,
          -28.273683547973633
        ],
        [
          -0.896906852722168,
          0.2562347650527954,
          0.3604181408882141,
          17.95308494567871
        ]
      ]
    ],
    [
      [
        [
          0.005794914439320564,
          0.915916919708252,
          -0.40132564306259155,
          -55.1795768737793
        ],
        [
          -0.005559278652071953,
          -0.40129658579826355,
          -0.9159311652183533,
          28.273679733276367
        ],
        [
          -0.9999675750732422,
          0.00753853190690279,
          0.0027663707733154297,
          16.89081573486328
        ]
      ],
      [
        [
          0.003629624843597412,
          0.7489035129547119,
          -0.6626688241958618,
          73.88377380371094
        ],
        [
          -0.44027239084243774,
          -0.5937927961349487,
          -0.673475980758667,
          -28.273683547973633
        ],
        [
          -0.8978567123413086,
          0.2941991090774536,
          0.3275664448738098,
          17.95308494567871
        ]
      ]
    ],
    [
      [
        [
          0.005794914439320564,
          0.915916919708252,
          -0.40132564306259155,
          -55.1795768737793
        ],
        [
          -0.005559278652071953,
          -0.40129658579826355,
          -0.9159311652183533,
          28.273679733276367
